## LogoData
# First column is position number, counting from zero
# Subsequent columns are raw symbol counts
# Entropy is mean entropy measured in nats.
# Low and High are the 95% confidence limits.
# Weight is the fraction of non-gap symbols in the column.
#	
	A 	C 	D 	E 	F 	G 	H 	I 	K 	L 	M 	N 	P 	Q 	R 	S 	T 	V 	W 	Y 	Entropy	Low	High	Weight
1 	1 	2 	0 	0 	4 	0 	0 	21 	0 	56 	0 	0 	0 	0 	0 	0 	0 	7 	0 	0 	1.4004 	1.1681 	1.6327 	0.9010 
2 	3 	0 	3 	0 	0 	0 	0 	0 	19 	0 	0 	5 	35 	1 	11 	2 	16 	3 	0 	1 	0.9926 	0.8116 	1.1735 	0.9802 
3 	1 	1 	0 	0 	0 	0 	0 	20 	0 	35 	39 	0 	0 	0 	0 	0 	0 	5 	0 	0 	1.6319 	1.4320 	1.8319 	1.0000 
4 	2 	1 	0 	1 	0 	1 	0 	0 	4 	0 	0 	1 	2 	0 	0 	37 	52 	0 	0 	0 	1.5123 	1.2977 	1.7270 	1.0000 
5 	0 	0 	0 	0 	0 	0 	0 	0 	0 	2 	1 	0 	0 	0 	0 	0 	0 	0 	0 	0 	1.0996 	0.4637 	1.7355 	0.0297 
6 	0 	0 	0 	0 	0 	0 	0 	0 	0 	0 	0 	2 	0 	0 	0 	1 	0 	0 	0 	0 	1.1375 	0.5686 	1.7064 	0.0297 
7 	1 	0 	0 	0 	0 	0 	16 	1 	2 	2 	1 	3 	0 	8 	64 	1 	1 	0 	1 	0 	1.6489 	1.3891 	1.9088 	1.0000 
8 	13 	0 	1 	11 	0 	18 	1 	0 	4 	1 	1 	4 	0 	40 	4 	0 	3 	0 	0 	0 	1.0359 	0.8371 	1.2346 	1.0000 
9 	9 	0 	44 	40 	0 	0 	0 	0 	0 	0 	2 	1 	0 	3 	0 	0 	0 	1 	0 	1 	1.4894 	1.2863 	1.6925 	1.0000 
10 	0 	0 	0 	0 	0 	0 	0 	75 	0 	18 	6 	0 	0 	0 	0 	0 	1 	1 	0 	0 	1.9541 	1.7301 	2.1782 	1.0000 
11 	59 	0 	0 	0 	0 	38 	0 	0 	0 	0 	0 	0 	0 	0 	0 	4 	0 	0 	0 	0 	1.5973 	1.4247 	1.7699 	1.0000 
12 	3 	0 	27 	14 	0 	0 	1 	0 	4 	0 	1 	24 	0 	15 	4 	7 	1 	0 	0 	0 	0.9932 	0.8275 	1.1589 	1.0000 
13 	12 	0 	0 	0 	15 	0 	4 	11 	0 	8 	11 	0 	0 	0 	3 	1 	0 	1 	0 	35 	1.1966 	1.0145 	1.3787 	1.0000 
14 	0 	3 	0 	0 	0 	0 	0 	13 	0 	53 	0 	0 	0 	0 	0 	5 	4 	23 	0 	0 	1.2075 	1.0041 	1.4109 	1.0000 
15 	3 	0 	0 	0 	0 	96 	0 	0 	0 	0 	0 	0 	0 	0 	0 	2 	0 	0 	0 	0 	2.2107 	1.9951 	2.4262 	1.0000 
16 	7 	14 	0 	0 	0 	0 	0 	0 	0 	50 	2 	0 	0 	1 	0 	12 	13 	2 	0 	0 	1.1649 	0.9424 	1.3874 	1.0000 
17 	9 	1 	0 	0 	0 	0 	0 	0 	2 	0 	0 	0 	0 	0 	1 	21 	67 	0 	0 	0 	1.6760 	1.4615 	1.8905 	1.0000 
18 	1 	0 	0 	0 	0 	0 	0 	19 	0 	11 	0 	1 	6 	0 	41 	0 	1 	21 	0 	0 	1.1700 	0.9981 	1.3418 	1.0000 
19 	0 	0 	0 	78 	0 	0 	3 	1 	0 	0 	0 	0 	0 	4 	0 	2 	0 	13 	0 	0 	1.8541 	1.6118 	2.0964 	1.0000 
20 	0 	0 	0 	0 	0 	0 	2 	0 	0 	0 	3 	0 	0 	0 	0 	3 	92 	0 	1 	0 	2.2982 	2.0507 	2.5458 	1.0000 
21 	4 	0 	0 	0 	1 	0 	0 	24 	0 	1 	1 	0 	0 	0 	0 	0 	2 	68 	0 	0 	1.7007 	1.4791 	1.9223 	1.0000 
22 	2 	1 	0 	0 	0 	14 	0 	1 	0 	0 	0 	8 	0 	0 	0 	59 	16 	0 	0 	0 	1.3861 	1.1764 	1.5959 	1.0000 
23 	1 	0 	0 	0 	0 	0 	4 	0 	4 	0 	1 	0 	0 	0 	90 	0 	1 	0 	0 	0 	2.2377 	1.9884 	2.4870 	1.0000 
24 	5 	1 	0 	0 	0 	0 	0 	15 	5 	27 	5 	0 	0 	10 	0 	2 	12 	15 	0 	0 	0.7464 	0.5828 	0.9100 	0.9604 
25 	0 	0 	0 	0 	9 	0 	0 	8 	0 	66 	8 	0 	0 	0 	0 	0 	0 	6 	0 	0 	1.4603 	1.2188 	1.7019 	0.9604 
26 	4 	0 	0 	0 	0 	28 	0 	0 	22 	0 	0 	3 	0 	0 	4 	14 	22 	0 	0 	0 	0.9983 	0.8454 	1.1512 	0.9604 
27 	8 	0 	14 	6 	0 	1 	0 	1 	18 	3 	11 	0 	0 	3 	29 	1 	0 	1 	0 	1 	0.8791 	0.6998 	1.0583 	0.9604 
28 	0 	0 	0 	0 	27 	0 	0 	0 	0 	66 	0 	0 	0 	0 	0 	0 	0 	0 	4 	0 	1.7958 	1.5790 	2.0126 	0.9604 
29 	8 	0 	0 	25 	0 	1 	4 	0 	8 	0 	0 	0 	0 	22 	27 	1 	1 	0 	0 	0 	1.1227 	0.9517 	1.2936 	0.9604 
30 	7 	1 	13 	16 	0 	1 	2 	0 	28 	0 	0 	1 	0 	13 	8 	2 	5 	0 	0 	0 	0.8299 	0.6626 	0.9972 	0.9604 
31 	1 	0 	12 	17 	0 	2 	1 	1 	7 	4 	1 	6 	0 	18 	10 	14 	0 	1 	1 	1 	0.6387 	0.4791 	0.7982 	0.9604 
32 	0 	0 	1 	6 	0 	63 	3 	0 	6 	0 	0 	15 	0 	2 	0 	1 	0 	0 	0 	0 	1.4758 	1.2313 	1.7203 	0.9604 
33 	2 	0 	0 	0 	3 	0 	0 	9 	1 	41 	12 	0 	0 	0 	1 	0 	1 	21 	5 	1 	1.0737 	0.8469 	1.3004 	0.9604 
34 	0 	0 	0 	0 	0 	0 	0 	66 	0 	17 	0 	0 	0 	0 	0 	0 	0 	14 	0 	0 	1.8126 	1.6162 	2.0090 	0.9604 
# End LogoData
