MEME version 5.4.0

Alphabet= ACDEFGHIKLMNPQRSTVWY

Background letter frequencies
A 0.016705 C 0.001555 D 0.107264 E 0.096599 F 0.025515 G 0.025774 H 0.021309 I 0.059841 K 0.097855 L 0.051768 M 0.016146 N 0.143524 P 0.014033 Q 0.022246 R 0.035024 S 0.150500 T 0.042579 V 0.031137 W 0.001296 Y 0.039329 

MOTIF xxxxxH_S79.9_Dxxxxx    .....HSD.....
letter-probability matrix: alength= 20 w= 13 nsites= 22 E= 5.5e-003
0.090909	0.000000	0.181818	0.045455	0.000000	0.000000	0.000000	0.090909	0.045455	0.090909	0.000000	0.181818	0.045455	0.000000	0.045455	0.045455	0.000000	0.045455	0.000000	0.090909	
0.000000	0.000000	0.090909	0.136364	0.000000	0.000000	0.045455	0.045455	0.136364	0.045455	0.090909	0.227273	0.000000	0.090909	0.000000	0.000000	0.000000	0.045455	0.000000	0.045455	
0.000000	0.000000	0.090909	0.136364	0.045455	0.000000	0.045455	0.045455	0.227273	0.000000	0.045455	0.272727	0.045455	0.000000	0.000000	0.000000	0.045455	0.000000	0.000000	0.000000	
0.000000	0.000000	0.045455	0.000000	0.000000	0.045455	0.000000	0.000000	0.045455	0.045455	0.000000	0.318182	0.045455	0.000000	0.000000	0.227273	0.000000	0.136364	0.000000	0.090909	
0.000000	0.000000	0.227273	0.000000	0.045455	0.000000	0.000000	0.272727	0.045455	0.045455	0.000000	0.090909	0.000000	0.045455	0.045455	0.000000	0.090909	0.000000	0.045455	0.045455	
0.000000	0.000000	0.000000	0.000000	0.000000	0.000000	1.000000	0.000000	0.000000	0.000000	0.000000	0.000000	0.000000	0.000000	0.000000	0.000000	0.000000	0.000000	0.000000	0.000000	
0.000000	0.000000	0.000000	0.000000	0.000000	0.000000	0.000000	0.000000	0.000000	0.000000	0.000000	0.000000	0.000000	0.000000	0.000000	1.000000	0.000000	0.000000	0.000000	0.000000	
0.000000	0.000000	1.000000	0.000000	0.000000	0.000000	0.000000	0.000000	0.000000	0.000000	0.000000	0.000000	0.000000	0.000000	0.000000	0.000000	0.000000	0.000000	0.000000	0.000000	
0.136364	0.000000	0.318182	0.000000	0.000000	0.000000	0.045455	0.045455	0.000000	0.090909	0.000000	0.136364	0.000000	0.000000	0.045455	0.045455	0.000000	0.090909	0.000000	0.045455	
0.000000	0.000000	0.136364	0.227273	0.000000	0.045455	0.000000	0.045455	0.045455	0.000000	0.000000	0.181818	0.045455	0.045455	0.045455	0.136364	0.000000	0.000000	0.000000	0.045455	
0.045455	0.000000	0.181818	0.090909	0.000000	0.000000	0.000000	0.000000	0.181818	0.045455	0.000000	0.227273	0.045455	0.000000	0.000000	0.136364	0.000000	0.045455	0.000000	0.000000	
0.000000	0.000000	0.090909	0.181818	0.045455	0.000000	0.000000	0.090909	0.136364	0.000000	0.000000	0.363636	0.000000	0.045455	0.000000	0.000000	0.000000	0.045455	0.000000	0.000000	
0.000000	0.000000	0.090909	0.090909	0.090909	0.000000	0.000000	0.136364	0.136364	0.000000	0.045455	0.181818	0.000000	0.045455	0.090909	0.045455	0.000000	0.000000	0.000000	0.045455	

MOTIF xxxxxx_S79.9_NExxxx    ......SNE....
letter-probability matrix: alength= 20 w= 13 nsites= 90 E= 4.7e-007
0.011111	0.011111	0.077778	0.055556	0.033333	0.022222	0.000000	0.044444	0.155556	0.044444	0.022222	0.200000	0.066667	0.022222	0.077778	0.044444	0.033333	0.022222	0.000000	0.055556	
0.011111	0.011111	0.122222	0.111111	0.022222	0.022222	0.011111	0.055556	0.111111	0.077778	0.011111	0.166667	0.011111	0.044444	0.033333	0.055556	0.055556	0.033333	0.000000	0.033333	
0.044444	0.000000	0.111111	0.122222	0.000000	0.022222	0.033333	0.044444	0.188889	0.044444	0.011111	0.100000	0.011111	0.000000	0.044444	0.100000	0.033333	0.055556	0.000000	0.033333	
0.022222	0.000000	0.111111	0.088889	0.066667	0.033333	0.022222	0.100000	0.100000	0.111111	0.011111	0.100000	0.011111	0.000000	0.033333	0.133333	0.011111	0.033333	0.000000	0.011111	
0.000000	0.000000	0.111111	0.033333	0.077778	0.022222	0.044444	0.111111	0.044444	0.066667	0.077778	0.166667	0.022222	0.055556	0.011111	0.033333	0.011111	0.055556	0.000000	0.055556	
0.011111	0.000000	0.055556	0.055556	0.055556	0.000000	0.022222	0.088889	0.077778	0.088889	0.011111	0.177778	0.000000	0.022222	0.011111	0.188889	0.022222	0.033333	0.000000	0.077778	
0.000000	0.000000	0.000000	0.000000	0.000000	0.000000	0.000000	0.000000	0.000000	0.000000	0.000000	0.000000	0.000000	0.000000	0.000000	1.000000	0.000000	0.000000	0.000000	0.000000	
0.000000	0.000000	0.000000	0.000000	0.000000	0.000000	0.000000	0.000000	0.000000	0.000000	0.000000	1.000000	0.000000	0.000000	0.000000	0.000000	0.000000	0.000000	0.000000	0.000000	
0.000000	0.000000	0.000000	1.000000	0.000000	0.000000	0.000000	0.000000	0.000000	0.000000	0.000000	0.000000	0.000000	0.000000	0.000000	0.000000	0.000000	0.000000	0.000000	0.000000	
0.000000	0.000000	0.044444	0.133333	0.033333	0.000000	0.044444	0.066667	0.144444	0.055556	0.000000	0.188889	0.011111	0.011111	0.022222	0.111111	0.044444	0.033333	0.011111	0.044444	
0.011111	0.000000	0.066667	0.100000	0.033333	0.033333	0.033333	0.088889	0.100000	0.088889	0.022222	0.266667	0.022222	0.000000	0.000000	0.055556	0.022222	0.033333	0.000000	0.022222	
0.000000	0.000000	0.122222	0.133333	0.022222	0.033333	0.033333	0.033333	0.133333	0.022222	0.055556	0.177778	0.000000	0.044444	0.033333	0.077778	0.022222	0.033333	0.000000	0.022222	
0.011111	0.000000	0.055556	0.122222	0.000000	0.044444	0.033333	0.066667	0.166667	0.022222	0.044444	0.177778	0.000000	0.022222	0.066667	0.044444	0.077778	0.022222	0.000000	0.022222	
